9.750062207370774559e+00
7.106430059758878315e+00
3.793793022879311749e+00
1.091131745018008559e+01
9.893066923848401473e+00
2.666279690871554031e+00
5.484560294752139242e+00
2.310133550258315793e+00
1.548646111709174100e+00
1.430720807733683664e+01
5.567389879446318801e+00
9.763058675593580205e+00
8.328759518528576322e+00
7.248800291344616120e+00
2.697745427747318736e+00
2.835902967093792526e+00
8.821325722009012438e+00
1.165447850507606908e+01
-5.785475535093000943e-01
3.129357775875209136e+00
6.167790206485559423e+00
1.131017619451791134e+01
9.218898628743241730e+00
1.034845105600711079e+01
7.994106744497455175e+00
3.072702594267129772e+00
6.438157770437959115e+00
1.222499821775185858e+01
7.715909856806267619e+00
1.956391358902868305e+00
1.283551377619568612e+01
8.887190715648857875e+00
1.000523208820258780e+01
1.511606431267545503e+01
4.741412183290793614e+00
4.198686702006254379e+00
-3.333452319199041725e+00
7.605933643294667590e+00
9.499408036913074227e+00
6.907069775627277863e+00
7.055341384912575009e+00
1.085899965667075762e+01
8.734271656412357032e+00
8.697151257031485727e+00
6.705923924572084083e+00
6.812656076630348778e+00
1.129168281086107584e+01
6.612284856538297895e+00
5.264815928722111238e+00
4.724092842889852761e+00
6.500702018816776118e+00
7.783972907079142800e+00
9.111596573367986451e+00
7.542346991899233188e+00
5.632707569591866026e+00
2.694989432101841942e-01
9.552672716255866447e+00
2.907513461499849683e+00
6.334751804891219251e+00
1.191640900384097179e+01
8.033813288008014197e+00
3.645374272960500317e+00
9.901114547676714395e+00
5.894421637664860825e+00
5.010356298870488168e+00
1.213166047278453163e+01
9.790765756378306151e+00
2.014241025865308643e+01
2.544717381210638507e+00
7.042176490366040653e+00
8.805218018469492591e+00
1.247460861792681364e+01
5.964502510474363639e+00
1.356856338910342785e+01
7.704299449099169195e+00
4.075671246013472526e+00
6.451525560247187485e+00
6.928435505143975881e+00
6.583183240128304803e+00
4.674405038572798432e+00
6.261817330499092726e+00
1.116870234202982815e+01
1.079736311156784367e+01
1.497033356998658959e+01
3.720633437790625830e+00
2.829333539839373302e+00
1.586789289309702511e+01
8.752897471217560010e+00
8.818914260564042706e+00
3.629611312798610268e+00
8.805476946874902566e+00
7.411169608090644623e+00
7.269676129081132032e+00
1.204845698953807798e+01
3.826861831747665033e+00
7.792129729798892512e+00
-1.051543932531684433e-01
8.901820413120514530e+00
2.524918128153618824e+00
1.451798105693571017e+01
1.504463032351481822e+00
1.375113695522946777e+01
3.606936906059284187e+00
4.108273361236678412e-01
7.933931828589741109e+00
7.964386120943538039e+00
3.094501801199899038e+00
1.798388040862144877e+00
-2.853669023182133557e+00
5.625876153410303893e+00
8.416355897826420573e+00
-1.361084337890565266e+00
7.541843306717594508e+00
1.361030358217351477e+01
-2.744515051524798466e-01
9.335755520774300820e+00
9.262711195820974908e+00
4.463733503851642581e+00
8.334012843855763464e+00
2.451416819522723500e+00
8.857854748658802180e+00
1.366892555790498776e+01
5.588393184122400825e+00
4.429299789490354300e+00
-1.307266804014219019e+00
1.471389347113095170e+01
1.472339360547211840e+01
4.932444049912601436e+00
7.371466845698272152e+00
6.612656568758657372e+00
1.260942262470477182e+01
5.273733868587191509e-01
9.788881654299917301e+00
-2.301258776421988728e+00
9.694927756923695128e+00
3.924935059075031596e+00
1.238800533013228033e+01
9.264863494647563869e+00
4.475914654124618863e+00
3.961922139675930765e+00
2.071405522317645520e+00
1.393525116665309227e+01
1.139285072350068440e+01
4.503197295990995386e+00
1.501615459619960014e+00
9.045298450409223534e+00
7.054399489956202807e+00
4.999427703540163748e+00
7.477582940868082950e+00
9.742257828599081293e+00
6.890505590063508379e+00
9.569598903928543621e+00
6.984573730611723263e+00
8.121358006140333430e+00
4.766766108428022619e+00
1.027289553198093941e+01
7.643257556082753368e+00
5.744111985542382115e+00
7.782795068676659156e+00
6.043168324276802394e+00
6.215132882813852788e+00
9.166213889495701039e+00
1.059971339807756507e+01
2.753719540559478318e-01
6.216390918332304061e+00
7.335168665087678619e+00
2.382772379664824136e+00
